start=568.526000
aid=1
sid=1
sub-scale=0.800000
