start=623.957000
fullscreen=yes
sub-scale=0.800000
