start=1333.207000
volume=120.000000
sid=no
sub-pos=95
